000000000000000000000000000000
011111111111111111111111111110
011111111111111111111111111110
011111111111111111111111111110
011111111111111111111111111110
011111111111111111111111111110
011111111111111111111111111110
011111111222222111111111111110
011111111111111111111111111110
011111111111111111111111111110
011111111111111111111111111110
011111111111111111111111111110
011111111111100000111111111110
011111111111100000111111111110
011111111111111111111111111110
011111111111111111111111111110
011111111111111111111111111110
011111111111111111111111111110
011111111111111111111111111110
011111111111111111111111111110
011111111111110111111111111110
011111111111110111111111111110
011111111111110111111111111110
011111111111110111111111111110
011111111111110111111111111110
011111111111110111111111111110
033333222333333333333333333330
033333222333333333333333333330
033333222333333333333333333330
033333333333333333333333333330
000000000000000000000000000000